spAbbr	bin	posCM	femaleFreq1	femaleFreq2	maleFreq1	maleFreq2	avgDiff	pval	pvalAdj	sign0.05	sign0.1	bfCorr0.05	bfCorr0.1	diff
GGG	1	0.98136863341394	2163	2397	467	493	0.0942434210526316	0.499564583897836	1	ns	ns	0.0025	0.005	-0.0121162280701754
GGG	2	1.96273726682788	1404	1598	297	335	0.0975183211192538	0.930138985236815	1	ns	ns	0.0025	0.005	-0.00224850099933377
GGG	3	2.94410590024182	1945	1855	411	389	0.104144736842105	0.937985713310825	1	ns	ns	0.0025	0.005	-0.00190789473684216
GGG	4	3.92547453365576	1556	1598	331	333	0.0972574508560558	0.830966790758462	1	ns	ns	0.0025	0.005	-0.00515218769816106
GGG	5	4.9068431670697	755	651	152	144	0.0910384068278805	0.481077955416365	1	ns	ns	0.0025	0.005	0.023470839260313
GGG	6	5.88821180048364	5783	5731	1203	1221	0.0908676393955185	0.607269821228308	1	ns	ns	0.0025	0.005	0.00597099183602567
GGG	7	6.86958043389758	6077	5779	1267	1229	0.0929276315789474	0.65955449296142	1	ns	ns	0.0025	0.005	0.00495529689608631
GGG	8	7.85094906731152	9700	8958	2049	1879	0.0900820023582378	0.846764642693403	1	ns	ns	0.0025	0.005	-0.00175527923678853
GGG	9	8.83231770072546	4582	4652	960	984	0.0877734459605805	0.861337440597437	1	ns	ns	0.0025	0.005	0.00238249945852287
GGG	10	9.8136863341394	3871	4717	832	976	0.098567768979972	0.466820317925482	1	ns	ns	0.0025	0.005	-0.00943176525384254
GGG	11	10.7950549675533	3504	2956	744	616	0.0873065015479876	0.764633067968504	1	ns	ns	0.0025	0.005	-0.00464396284829727
GGG	12	11.7764236009673	5994	6280	1297	1287	0.116608277660095	0.209368559564343	1	ns	ns	0.0025	0.005	-0.01358562815708
GGG	13	12.7577922343812	3850	4244	821	883	0.096213244378552	0.650177920260052	1	ns	ns	0.0025	0.005	-0.0061465282925624
GGG	14	13.7391608677952	7061	7113	1468	1516	0.105968675038803	0.545695336567824	1	ns	ns	0.0025	0.005	0.0062085508677861
GGG	15	14.7205295012091	6264	6314	1320	1328	0.0995388774049928	0.965898196145373	1	ns	ns	0.0025	0.005	-0.000477023374145347
GGG	16	15.701898134623	7905	8511	1652	1804	0.0995979532163743	0.708010922113345	1	ns	ns	0.0025	0.005	0.00353313840155944
GGG	17	16.683266768037	12450	13504	2621	2843	0.0896104646682592	1	1	ns	ns	0.0025	0.005	9.63242660090291e-06
GGG	18	17.6646354014509	9437	9981	2010	2078	0.093315480482027	0.513051865361451	1	ns	ns	0.0025	0.005	-0.00569059635389846
GGG	19	18.6460040348649	6974	6668	1438	1434	0.106179445829057	0.314338600677806	1	ns	ns	0.0025	0.005	0.0105189854859992
GGG	20	19.6273726682788	16359	15029	3465	3143	0.0933238817382439	0.64507751131968	1	ns	ns	0.0025	0.005	-0.00317796610169485
PPA	1	1.06599963351983	1895	2021	335	377	0.170199182839632	0.514496595581118	1	ns	ns	0.0025	0.005	0.0134065372829418
PPA	2	2.13199926703965	2093	1757	399	301	0.132597402597403	0.200906341785946	1	ns	ns	0.0025	0.005	-0.0263636363636364
PPA	3	3.19799890055948	1058	1208	195	217	0.138349514563107	0.830101644065679	1	ns	ns	0.0025	0.005	-0.00639894086496029
PPA	4	4.2639985340793	2805	2189	488	420	0.143572286744093	0.179108090544586	1	ns	ns	0.0025	0.005	0.0242290748898679
PPA	5	5.32999816759913	884	788	155	149	0.145035885167464	0.574291184423127	1	ns	ns	0.0025	0.005	0.0188397129186604
PPA	6	6.39599780111895	1094	1128	188	216	0.145814581458146	0.330364027855089	1	ns	ns	0.0025	0.005	0.027002700270027
PPA	7	7.46199743463878	962	1018	186	174	0.125757575757576	0.302336138722886	1	ns	ns	0.0025	0.005	-0.0308080808080808
PPA	8	8.52799706815861	246	304	45	55	0.151818181818182	1	1	ns	ns	0.0025	0.005	-0.00272727272727274
PPA	9	9.59399670167843	1490	1480	277	263	0.143939393939394	0.640112456994202	1	ns	ns	0.0025	0.005	-0.0112794612794612
PPA	10	10.6599963351983	529	659	96	120	0.133838383838384	1	1	ns	ns	0.0025	0.005	0.000841750841750866
PPA	11	11.7259959687181	1004	1042	166	206	0.161290322580645	0.127770605531452	1	ns	ns	0.0025	0.005	0.0444770283479961
PPA	12	12.7919956022379	1395	1575	256	284	0.144781144781145	0.851466133472875	1	ns	ns	0.0025	0.005	-0.00437710437710437
PPA	13	13.8579952357577	1071	997	202	174	0.134912959381044	0.50110772946238	1	ns	ns	0.0025	0.005	-0.0193423597678917
PPA	14	14.9239948692776	736	760	125	147	0.13870320855615	0.355960601642907	1	ns	ns	0.0025	0.005	0.0324197860962567
PPA	15	15.9899945027974	1695	2001	302	370	0.132575757575758	0.673939543471368	1	ns	ns	0.0025	0.005	0.00919913419913421
PPA	16	17.0559941363172	2720	2648	488	488	0.156482861400894	0.702027526038361	1	ns	ns	0.0025	0.005	0.00670640834575265
PPA	17	18.121993769837	1975	1897	338	366	0.142303719008264	0.151535584455097	1	ns	ns	0.0025	0.005	0.0299586776859504
PPA	18	19.1879934033569	4253	4283	776	776	0.119259606373008	0.912116036994793	1	ns	ns	0.0025	0.005	-0.00175726335520149
PPA	19	20.2539930368767	2357	3121	431	565	0.127875136911281	0.889390194789374	1	ns	ns	0.0025	0.005	-0.00246440306681273
PPA	20	21.3199926703965	4562	4524	812	840	0.146489104116223	0.437994289371654	1	ns	ns	0.0025	0.005	0.0105657054809597
PTE	1	1.06609469668905	739	801	747	793	0.12987012987013	0.800723186094435	1	ns	ns	0.0025	0.005	-0.0051948051948052
PTE	2	2.13218939337809	1118	1222	1117	1223	0.115811965811966	1	1	ns	ns	0.0025	0.005	0.000427350427350426
PTE	3	3.19828409006714	1154	1196	1194	1156	0.125106382978723	0.255223528876351	1	ns	ns	0.0025	0.005	-0.0170212765957447
PTE	4	4.26437878675619	713	707	719	701	0.125352112676056	0.851152573522454	1	ns	ns	0.0025	0.005	-0.00422535211267605
PTE	5	5.33047348344523	1030	910	1024	916	0.143298969072165	0.872239263749935	1	ns	ns	0.0025	0.005	0.00309278350515463
PTE	6	6.39656818013428	1981	1909	1918	1972	0.175578406169666	0.159770015411108	1	ns	ns	0.0025	0.005	0.0161953727506427
PTE	7	7.46266287682333	1254	1326	1212	1368	0.145736434108527	0.253181420829207	1	ns	ns	0.0025	0.005	0.0162790697674419
PTE	8	8.52875757351237	942	1118	936	1124	0.153398058252427	0.87571563385674	1	ns	ns	0.0025	0.005	0.00291262135922332
PTE	9	9.59485227020142	1870	1910	1896	1884	0.115343915343915	0.565254555109964	1	ns	ns	0.0025	0.005	-0.00687830687830687
PTE	10	10.6609469668905	574	546	571	549	0.10625	0.932632389108069	1	ns	ns	0.0025	0.005	0.00267857142857142
PTE	11	11.7270416635795	1408	1402	1430	1380	0.128825622775801	0.575294497662564	1	ns	ns	0.0025	0.005	-0.00782918149466194
PTE	12	12.7931363602686	1046	914	1032	928	0.120408163265306	0.677397591663085	1	ns	ns	0.0025	0.005	0.00714285714285712
PTE	13	13.8592310569576	576	764	585	755	0.138059701492537	0.755152601151005	1	ns	ns	0.0025	0.005	-0.00671641791044775
PTE	14	14.9253257536467	1536	1344	1479	1401	0.149652777777778	0.139574068968883	1	ns	ns	0.0025	0.005	0.0197916666666667
PTE	15	15.9914204503357	2080	1670	1969	1781	0.161333333333333	0.0108151785316321	0.216303570632642	ns	ns	0.0025	0.005	0.0296
PTE	16	17.0575151470247	2552	2198	2434	2316	0.150736842105263	0.0162229940099743	0.324459880199485	ns	ns	0.0025	0.005	0.0248421052631579
PTE	17	18.1236098437138	1790	1800	1816	1774	0.134818941504178	0.555138920825326	1	ns	ns	0.0025	0.005	-0.00724233983286904
PTE	18	19.1897045404028	4233	4447	4208	4472	0.167165898617512	0.715527454406659	1	ns	ns	0.0025	0.005	0.00288018433179726
PTE	19	20.2557992370919	2067	2353	2120	2300	0.140497737556561	0.268002143049909	1	ns	ns	0.0025	0.005	-0.0119909502262444
PTE	20	21.3218939337809	1388	1392	1364	1416	0.134532374100719	0.537278524036662	1	ns	ns	0.0025	0.005	0.00863309352517982
PTS	1	1.06650828905561	4254	4352	1967	2005	0.0831784026648075	0.938836112493976	1	ns	ns	0.0025	0.005	-0.000910217677589253
PTS	2	2.13301657811122	3127	3763	1413	1767	0.0933962264150943	0.377149708933563	1	ns	ns	0.0025	0.005	0.0095065312046444
PTS	3	3.19952486716683	4671	4455	2135	2077	0.0891774417415443	0.601904192837737	1	ns	ns	0.0025	0.005	0.00494922930820363
PTS	4	4.26603315622244	1305	1165	620	520	0.0982456140350877	0.389307898121786	1	ns	ns	0.0025	0.005	-0.0155195681511471
PTS	5	5.33254144527805	2663	3005	1257	1359	0.0958303928487415	0.368475762727223	1	ns	ns	0.0025	0.005	-0.0106739590684545
PTS	6	6.39904973433366	5053	5243	2382	2370	0.0955063455063455	0.233056552288624	1	ns	ns	0.0025	0.005	-0.0104895104895105
PTS	7	7.46555802338927	3814	4038	1745	1879	0.0799583970113771	0.687805447496439	1	ns	ns	0.0025	0.005	0.00422397690609611
PTS	8	8.53206631244488	5063	5415	2366	2470	0.0936883629191322	0.486690852189216	1	ns	ns	0.0025	0.005	-0.00604441051091176
PTS	9	9.59857460150049	3512	3378	1604	1576	0.0902757619738752	0.621968966264224	1	ns	ns	0.0025	0.005	0.00532172230285433
PTS	10	10.6650828905561	2057	2389	964	1088	0.0762483130904184	0.592726555680004	1	ns	ns	0.0025	0.005	-0.00712250712250712
PTS	11	11.7315911796117	4761	4885	2233	2219	0.0832642200566729	0.38445708474978	1	ns	ns	0.0025	0.005	-0.00799986177344675
PTS	12	12.7980994686673	1039	937	476	436	0.0814777327935223	0.872635170727705	1	ns	ns	0.0025	0.005	0.00387989203778683
PTS	13	13.8646077577229	3847	4031	1782	1854	0.0880511128035881	0.872542937675458	1	ns	ns	0.0025	0.005	-0.00177710078700177
PTS	14	14.9311160467785	6911	6687	3169	3107	0.0948791488944453	0.669155092906227	1	ns	ns	0.0025	0.005	0.00329705348825815
PTS	15	15.9976243358342	6255	6511	2870	3022	0.108386860932686	0.717130690946736	1	ns	ns	0.0025	0.005	0.00287221264818011
PTS	16	17.0641326248898	6456	6284	2957	2923	0.0765436944008373	0.625044603370292	1	ns	ns	0.0025	0.005	0.00385923600209315
PTS	17	18.1306409139454	9788	9972	4469	4651	0.0839490553306343	0.403406321684734	1	ns	ns	0.0025	0.005	0.00532219973009446
PTS	18	19.197149203001	6536	7088	3061	3227	0.0954320806420043	0.360017075497859	1	ns	ns	0.0025	0.005	-0.00705862203953805
PTS	19	20.2636574920566	8284	8694	3808	4028	0.0868575018651588	0.774215486364489	1	ns	ns	0.0025	0.005	0.00196332508736796
PTS	20	21.3301657811122	111	149	52	68	0.0679487179487179	0.911696344846506	1	ns	ns	0.0025	0.005	-0.00641025641025644
PTT	1	1.06659434149789	6189	6161	2361	2389	0.0824939271255061	0.644815891910579	1	ns	ns	0.0025	0.005	0.004080971659919
PTT	2	2.13318868299578	5712	6274	2222	2388	0.0806607708993826	0.532335183975951	1	ns	ns	0.0025	0.005	-0.0054396796262306
PTT	3	3.19978302449367	5282	4832	2036	1854	0.0874826972513348	0.909787936130056	1	ns	ns	0.0025	0.005	-0.00114692505438008
PTT	4	4.26637736599157	4784	3952	1833	1527	0.0781364468864469	0.838454493013639	1	ns	ns	0.0025	0.005	0.00208333333333344
PTT	5	5.33297170748946	5187	5161	2032	1948	0.0781407035175879	0.322895122360637	1	ns	ns	0.0025	0.005	-0.00929648241206027
PTT	6	6.39956604898735	7120	7388	2742	2838	0.0918114143920595	0.93721808050223	1	ns	ns	0.0025	0.005	-0.000634132892197381
PTT	7	7.46616039048524	3897	3201	1479	1251	0.0902225979149056	0.52649432931958	1	ns	ns	0.0025	0.005	0.00726965342349961
PTT	8	8.53275473198313	6844	7482	2658	2852	0.085802038252129	0.557212064611505	1	ns	ns	0.0025	0.005	-0.00466285076085438
PTT	9	9.59934907348102	4074	4714	1576	1804	0.0900773782430587	0.791975550108914	1	ns	ns	0.0025	0.005	-0.00268548020027309
PTT	10	10.6659434149789	3960	3606	1516	1394	0.0971186888712662	0.827176920650341	1	ns	ns	0.0025	0.005	0.00243193232883954
PTT	11	11.7325377564768	5348	5702	2004	2246	0.0971945701357466	0.169826332009043	1	ns	ns	0.0025	0.005	0.0124524886877828
PTT	12	12.7991320979747	2677	3173	1030	1220	0.0844102564102564	1	1	ns	ns	0.0025	0.005	-0.000170940170940159
PTT	13	13.8657264394726	4917	4677	1917	1773	0.0897644361058995	0.473399100014297	1	ns	ns	0.0025	0.005	-0.00700437773608509
PTT	14	14.9323207809705	9195	8121	3540	3120	0.0870524370524371	0.953918392113562	1	ns	ns	0.0025	0.005	-0.000519750519750506
PTT	15	15.9989151224684	10809	11837	4120	4590	0.0824428155082575	0.503495885551449	1	ns	ns	0.0025	0.005	0.00428331714210012
PTT	16	17.0655094639663	6502	6264	2522	2388	0.0850383832053893	0.614342469057232	1	ns	ns	0.0025	0.005	-0.00432398558671476
PTT	17	18.1321038054642	10211	11343	3909	4381	0.0894497541059664	0.736500012979484	1	ns	ns	0.0025	0.005	0.00220840679224271
PTT	18	19.198698146962	13916	14892	5347	5733	0.0852749236323243	0.937592398987639	1	ns	ns	0.0025	0.005	0.000479033601777312
PTT	19	20.2652924884599	8383	9687	3216	3734	0.0798339789706696	0.876290083208237	1	ns	ns	0.0025	0.005	0.00118428334255671
PTT	20	21.3318868299578	11340	11228	4360	4320	0.0727756114852889	0.979848350803329	1	ns	ns	0.0025	0.005	0.000177242112725962
PTV	1	1.06603747857298	1077	1155	890	970	0.102060931899642	0.801612402566782	1	ns	ns	0.0025	0.005	0.00403225806451613
PTV	2	2.13207495714595	846	846	673	737	0.138770685579196	0.220096978935752	1	ns	ns	0.0025	0.005	0.0226950354609929
PTV	3	3.19811243571893	793	695	654	586	0.124865591397849	0.787474363326396	1	ns	ns	0.0025	0.005	0.00551075268817203
PTV	4	4.2641499142919	258	210	228	162	0.146153846153846	0.333605028661492	1	ns	ns	0.0025	0.005	-0.0333333333333333
PTV	5	5.33018739286488	473	595	375	515	0.124906367041198	0.359693810936152	1	ns	ns	0.0025	0.005	0.0215355805243446
PTV	6	6.39622487143785	184	188	176	134	0.132258064516129	0.0645022192457975	1	ns	ns	0.0025	0.005	-0.0731182795698925
PTV	7	7.46226235001083	1416	1248	1208	1012	0.108108108108108	0.387346140166049	1	ns	ns	0.0025	0.005	-0.0126126126126126
PTV	8	8.5282998285838	895	881	769	711	0.137725225225225	0.378960425773849	1	ns	ns	0.0025	0.005	-0.0156531531531531
PTV	9	9.59433730715678	1238	1438	1001	1229	0.13677130044843	0.342265377403475	1	ns	ns	0.0025	0.005	0.0137518684603886
PTV	10	10.6603747857298	688	728	565	615	0.133898305084746	0.722796876143362	1	ns	ns	0.0025	0.005	0.00706214689265539
PTV	11	11.7264122643027	1031	925	840	790	0.126073619631902	0.501986181552287	1	ns	ns	0.0025	0.005	0.0117586912065439
PTV	12	12.7924497428757	1261	1199	1047	1003	0.126585365853659	0.904788018978031	1	ns	ns	0.0025	0.005	0.00186991869918696
PTV	13	13.8584872214487	391	449	330	370	0.10547619047619	0.837527772854876	1	ns	ns	0.0025	0.005	-0.00595238095238093
PTV	14	14.9245247000217	689	811	558	692	0.131866666666667	0.513233448565071	1	ns	ns	0.0025	0.005	0.0129333333333333
PTV	15	15.9905621785946	1956	1800	1595	1535	0.11863684771033	0.357603256425326	1	ns	ns	0.0025	0.005	0.0111821086261981
PTV	16	17.0565996571676	1450	1526	1226	1254	0.157661290322581	0.605449210425468	1	ns	ns	0.0025	0.005	-0.00712365591397851
PTV	17	18.1226371357406	1077	1179	924	956	0.10186170212766	0.381665980003515	1	ns	ns	0.0025	0.005	-0.0140957446808511
PTV	18	19.1886746143136	2184	2040	1865	1655	0.108996212121212	0.26305583958763	1	ns	ns	0.0025	0.005	-0.0127840909090908
PTV	19	20.2547120928865	794	754	653	637	0.120413436692506	0.734403683804032	1	ns	ns	0.0025	0.005	0.00671834625322987
PTV	20	21.3207495714595	2725	2627	2206	2254	0.116928251121076	0.155830624242826	1	ns	ns	0.0025	0.005	0.0145366218236174
PAB	1	0.971668135326263	4576	4262	1023	941	0.144772572980312	0.822243285882751	1	ns	ns	0.0025	0.005	-0.00311156370219501
PAB	2	1.94333627065253	4403	4237	983	937	0.158506944444444	0.859802172943281	1	ns	ns	0.0025	0.005	-0.00237268518518519
PAB	3	2.91500440597879	2597	2641	611	553	0.17401680030546	0.0747274309917215	1	ns	ns	0.0025	0.005	-0.0291141657121039
PAB	4	3.88667254130505	2592	2556	578	566	0.141996891996892	0.921910008923513	1	ns	ns	0.0025	0.005	-0.00174825174825166
PAB	5	4.85834067663131	2709	2259	595	509	0.161936392914654	0.713342538140641	1	ns	ns	0.0025	0.005	0.0063405797101449
PAB	6	5.83000881195758	2104	2036	458	462	0.147584541062802	0.58458246776182	1	ns	ns	0.0025	0.005	0.0103864734299517
PAB	7	6.80167694728384	1868	1858	423	405	0.161164787976382	0.644781678870314	1	ns	ns	0.0025	0.005	-0.00952764358561464
PAB	8	7.7733450826101	2066	2236	455	501	0.167480241748024	0.830007798016956	1	ns	ns	0.0025	0.005	0.00430032543003256
PAB	9	8.74501321793636	3555	2997	789	667	0.194368131868132	0.976804138699078	1	ns	ns	0.0025	0.005	0.000686813186813184
PAB	10	9.71668135326263	3548	3706	773	839	0.180796801764544	0.49116899652363	1	ns	ns	0.0025	0.005	0.00958092087124346
PAB	11	10.6883494885889	2958	2748	677	591	0.172362425517	0.320196307473806	1	ns	ns	0.0025	0.005	-0.0155099894847529
PAB	12	11.6600176239152	1083	1257	239	281	0.148504273504274	0.92255330916321	1	ns	ns	0.0025	0.005	0.00320512820512825
PAB	13	12.6316857592414	1610	1900	358	422	0.179487179487179	1	1	ns	ns	0.0025	0.005	-0.000284900284900247
PAB	14	13.6033538945677	3346	3188	748	704	0.156871747780839	0.839056244099642	1	ns	ns	0.0025	0.005	-0.00306091215182125
PAB	15	14.5750220298939	1167	1047	256	236	0.15672990063234	0.803025103407512	1	ns	ns	0.0025	0.005	0.00677506775067749
PAB	16	15.5466901652202	5199	5115	1153	1139	0.190954043048284	0.944769282619306	1	ns	ns	0.0025	0.005	0.00101803374054676
PAB	17	16.5183583005465	6066	6624	1358	1462	0.155949566587864	0.738856652759018	1	ns	ns	0.0025	0.005	-0.00354609929078009
PAB	18	17.4900264358727	5444	4834	1191	1093	0.143559058182526	0.487013148946916	1	ns	ns	0.0025	0.005	0.00822144386067325
PAB	19	18.461694571199	9258	10290	2063	2281	0.151652342950685	0.879850600857923	1	ns	ns	0.0025	0.005	-0.00130448127685695
PAB	20	19.4333627065253	16160	16582	3622	3654	0.181723779854621	0.516944024816471	1	ns	ns	0.0025	0.005	-0.00424531183189786
PPY	1	1.15448271939273	1396	1412	933	939	0.139066951566952	0.952414794752313	1	ns	ns	0.0025	0.005	-0.00124643874643876
PPY	2	2.30896543878546	916	722	642	450	0.11050061050061	0.144281178078972	1	ns	ns	0.0025	0.005	-0.0286935286935287
PPY	3	3.46344815817818	1443	1545	918	1074	0.123828647925033	0.132027053058828	1	ns	ns	0.0025	0.005	0.0220883534136546
PPY	4	4.61793087757091	1375	1271	928	836	0.109221466364324	0.689193544013169	1	ns	ns	0.0025	0.005	-0.00642479213907776
PPY	5	5.77241359696364	2215	2069	1493	1363	0.136204481792717	0.646017675746699	1	ns	ns	0.0025	0.005	-0.00571895424836599
PPY	6	6.92689631635637	1304	1342	886	878	0.109221466364324	0.538901218483508	1	ns	ns	0.0025	0.005	-0.00944822373393805
PPY	7	8.08137903574909	1205	1261	832	812	0.118410381184104	0.279070350595779	1	ns	ns	0.0025	0.005	-0.0174371451743715
PPY	8	9.23586175514182	1734	1488	1169	979	0.130509000620732	0.675085798646143	1	ns	ns	0.0025	0.005	-0.00605214152700184
PPY	9	10.3903444745346	1398	1338	911	913	0.109831871345029	0.44992575508397	1	ns	ns	0.0025	0.005	0.0115131578947368
PPY	10	11.5448271939273	1442	1510	974	994	0.113482384823848	0.662499790919584	1	ns	ns	0.0025	0.005	-0.00643631436314362
PPY	11	12.69930991332	3061	2861	2031	1917	0.127406281661601	0.821111694177807	1	ns	ns	0.0025	0.005	0.00244849712934825
PPY	12	13.8537926327127	1120	1148	778	734	0.126102292768959	0.219316402925442	1	ns	ns	0.0025	0.005	-0.0207231040564374
PPY	13	15.0082753521055	1151	973	743	673	0.0939265536723164	0.318760748075592	1	ns	ns	0.0025	0.005	0.0171845574387948
PPY	14	16.1627580714982	2121	2109	1404	1416	0.114184397163121	0.789149094859415	1	ns	ns	0.0025	0.005	0.00354609929078015
PPY	15	17.3172407908909	2178	2214	1437	1491	0.125569216757741	0.685024302220651	1	ns	ns	0.0025	0.005	0.00512295081967212
PPY	16	18.4717235102836	830	772	532	536	0.117353308364544	0.323312269941068	1	ns	ns	0.0025	0.005	0.0199750312109863
PPY	17	19.6262062296764	3660	3846	2374	2630	0.133759658939515	0.149156402940169	1	ns	ns	0.0025	0.005	0.013189448441247
PPY	18	20.7806889490691	4417	4439	2876	3028	0.129290876242096	0.168275345848434	1	ns	ns	0.0025	0.005	0.0116305329719964
PPY	19	21.9351716684618	7501	7817	5064	5148	0.116333725029377	0.331569147177617	1	ns	ns	0.0025	0.005	-0.00620185402794099
PPY	20	23.0896543878546	11617	11765	7772	7816	0.125481139337952	0.7407282097896	1	ns	ns	0.0025	0.005	-0.00175348558720384
HUM	1	1.13627376600893	183393	177247	167212	161228	0.0278679406545227	0.626052401903626	1	ns	ns	0.0025	0.005	-0.000588768115941996
HUM	2	2.27254753201785	80279	72377	72881	66145	0.0283085537956929	0.373005166941973	1	ns	ns	0.0025	0.005	0.00165603658925051
HUM	3	3.40882129802678	53102	52290	48425	47557	0.0313098140425139	0.764982527780659	1	ns	ns	0.0025	0.005	-0.000669396345148066
HUM	4	4.5450950640357	61659	58741	56208	53442	0.029109992834343	0.815111248871995	1	ns	ns	0.0025	0.005	-0.00049491889779163
HUM	5	5.68136883004463	88631	91689	80878	83342	0.0267003540546653	0.568871564783023	1	ns	ns	0.0025	0.005	-0.000977238721575568
HUM	6	6.81764259605355	92490	95782	84254	87208	0.0271928223996321	0.938790555115786	1	ns	ns	0.0025	0.005	-0.000128516605928497
HUM	7	7.95391636206248	108252	116532	98651	106063	0.0261636792235579	0.837706974939738	1	ns	ns	0.0025	0.005	-0.000314375874914008
HUM	8	9.0901901280714	61128	72936	55664	66430	0.0248909505322597	0.980989540412402	1	ns	ns	0.0025	0.005	5.03125226699042e-05
HUM	9	10.2264638940803	44111	41345	40085	37741	0.0359540605232919	0.65190559663283	1	ns	ns	0.0025	0.005	0.00112453238176013
HUM	10	11.3627376600893	24674	28862	22441	26315	0.027061870773414	0.845652811347596	1	ns	ns	0.0025	0.005	0.000614576374482867
HUM	11	12.4990114260982	56318	60050	51310	54668	0.0277409327542374	0.92891259485947	1	ns	ns	0.0025	0.005	-0.000192425382087413
HUM	12	13.6352851921071	74785	76751	68137	69869	0.0291587995138928	0.911111885032405	1	ns	ns	0.0025	0.005	-0.000211817912678769
HUM	13	14.771558958116	139514	141382	126944	128872	0.0314832870947422	0.747075648346125	1	ns	ns	0.0025	0.005	0.000443259440937482
HUM	14	15.907832724125	103353	107991	94156	98318	0.0287332871675432	0.919671714121279	1	ns	ns	0.0025	0.005	-0.000160782383965774
HUM	15	17.0441064901339	88165	89691	80119	81857	0.0262454005531684	0.531893148695167	1	ns	ns	0.0025	0.005	0.00107500493900331
HUM	16	18.1803802561428	69063	72393	62625	66201	0.0298648952851133	0.273913406701629	1	ns	ns	0.0025	0.005	0.00210874135877626
HUM	17	19.3166540221517	89337	101063	81138	92262	0.0331785508320975	0.440322578093542	1	ns	ns	0.0025	0.005	0.00128305734058332
HUM	18	20.4529277881607	115942	130906	105644	119164	0.025312552425689	0.870078789856983	1	ns	ns	0.0025	0.005	-0.000240046109187819
HUM	19	21.5892015541696	67907	62125	62092	56330	0.0264527645683596	0.297653346660849	1	ns	ns	0.0025	0.005	-0.00209526101568969
HUM	20	22.7254753201785	26572	20692	24166	18878	0.0300191166513999	0.814217373825173	1	ns	ns	0.0025	0.005	0.000778273394665963
