spAbbr	cMmbAvgREC	pi	nCall
GGG	26.8234260005537	3.855074	2885
GGG	8.18673065063668	7.971984	4477
GGG	12.0546692800944	7.5816469	4775
GGG	3.23873954432184	7.5304364	2697
GGG	3.26662566508703	3.6270552	2574
GGG	0.724353876183792	10.1314011	2881
GGG	2.60999528143325	7.8541081	3492
GGG	7.4168580387887	6.781643	3080
GGG	0.394588575317961	4.634782	2730
GGG	3.34143398994405	3.7768127	2986
GGG	1.48729455994731	4.6057981	3337
GGG	12.1689642086705	3.4251236	3514
GGG	12.5736266440992	2.647344	2794
GGG	11.9888633940622	5.9188439	2945
GGG	11.7455710828666	8.2695659	2894
GGG	10.1465565917608	2.5652191	2703
GGG	1.38510217316843	7.2096628	2997
GGG	1.80834801925008	7.3439622	4924
GGG	2.51667258740839	6.7053146	3957
GGG	6.56362259038429	8.9661883	3756
GGG	1.53907072448689	2.5352672	2614
GGG	2.2919021029725	5.7826101	2671
GGG	7.86591401836457	5.1671542	3060
GGG	2.81180415941033	3.1072495	2623
GGG	6.14922762354346	4.1217396	3512
GGG	7.18358383085318	4.9227084	2784
GGG	1.96972547617651	8.2579741	3881
GGG	3.63710552464095	6.4589378	2608
GGG	1.27863665014259	4.0338196	2790
GGG	23.782879413996	6.2434829	3294
GGG	7.6903206323864	4.8743985	2757
GGG	7.18220538651992	8.0173933	3817
GGG	7.00117794422541	12.7468687	4568
GGG	10.8833396291984	10.7256094	3243
GGG	12.5034379290118	9.0782646	4740
GGG	8.16544639226292	14.4772955	5667
GGG	11.9917943758685	16.2154584	4408
GGG	4.84684836314724	6.7227102	2629
GGG	1.37861916328492	4.5961362	2503
GGG	3.62095804482643	13.152659	3784
GGG	19.0928961823293	9.3971059	3012
GGG	5.64871126785263	11.3256079	3820
GGG	7.83731460943344	5.0463773	3232
GGG	6.27435886001479	11.5951768	4195
GGG	10.1398368495296	9.681161	3211
GGG	1.61853704410926	8.9169078	3500
GGG	0.72755769151478	9.1217391	5069
GGG	2.09120513082037	11.0743976	2798
GGG	0.485325392983594	2.7729489	3002
GGG	3.66608277977245	14.6009702	4672
GGG	1.06600563567193	5.4492776	4156
GGG	1.97424877261513	12.0724654	4852
GGG	1.02750328313818	7.9275375	3400
GGG	2.89130832714534	8.4328505	3411
GGG	40.6927616721633	5.9130467	2896
GGG	5.35757579840052	9.6695715	3780
GGG	5.80842162576237	7.9632899	3725
GGG	1.32577075190778	10.8782645	4120
GGG	1.63130115721578	9.4772994	4965
GGG	3.15300819442682	13.9487919	5870
GGG	5.72816732569059	4.5661849	3736
GGG	5.33381929195157	9.8859911	4447
GGG	13.8096826916605	26.8029048	6626
GGG	13.103523743291	12.8521745	3811
GGG	8.28073097078507	5.708214	3005
GGG	2.01811223914461	2.6550731	3372
GGG	3.97081624122285	8.741069	3957
GGG	26.2750693448201	15.7391351	3640
GGG	12.7517753331078	9.1091824	4858
GGG	10.1806097231592	5.800002	4567
GGG	15.7879194256342	6.5739157	3091
GGG	5.72893377968749	9.3758482	3386
GGG	2.57965175637987	9.9990338	3928
GGG	0.835485857785301	8.8106277	2800
GGG	6.93655012777614	12.9439628	4863
GGG	2.93667119043471	8.396139	4732
GGG	2.23930103498917	5.478269	4298
GGG	2.93235942146487	5.1487959	5287
GGG	0.71040880424712	5.6241552	4125
GGG	4.4751593099699	16.4550739	6465
GGG	1.25916148407874	11.3159512	7393
GGG	13.859183866995	3.8425151	2612
GGG	17.7088722871809	17.444448	5152
GGG	7.55449919929959	15.0821277	5174
GGG	2.33746325756121	5.0705315	3396
GGG	1.76259337593434	8.2715005	3638
GGG	0.598081474766331	11.6434811	4809
GGG	8.1385675834056	7.5062845	5349
GGG	3.15133768358628	10.9082173	4723
GGG	1.46276132506707	13.0995247	6066
GGG	3.63803372349745	11.5574903	5390
GGG	9.5383870853438	15.9120801	5645
GGG	28.5485302871408	8.3777813	2742
GGG	20.094203039458	5.6029006	4870
GGG	18.9233857946421	7.4492791	3805
GGG	22.1854511162193	12.5198128	3474
GGG	26.6650117415939	8.414494	2559
GGG	24.9995618694392	12.5632895	3311
GGG	28.9139084424504	10.2396163	4726
GGG	8.59365596990989	10.9884063	3023
GGG	26.3297757803088	7.9816455	2913
GGG	5.72541764213486	5.4685997	3090
GGG	6.08954291289854	4.5951705	3384
GGG	6.48687015045786	4.994203	3120
GGG	6.07660381534199	13.970053	4058
GGG	14.8930363516601	5.7574892	3341
GGG	16.9893687647923	4.370052	4999
GGG	16.9887321806278	6.0531429	4333
GGG	16.9884560103542	9.2531416	4711
GGG	6.11306408621864	14.054111	4936
GGG	4.66009627995957	11.0444455	3865
GGG	10.5709602818665	13.3623186	4086
GGG	4.26032898839426	9.8715027	4012
GGG	2.64934018496188	9.1004863	3075
GGG	25.1514910714166	5.7343015	2738
GGG	10.0361666124686	9.9594246	4294
GGG	22.613395742836	12.2473484	5298
GGG	8.61791147338281	10.2840595	3542
GGG	4.43383817382569	4.7198091	2928
GGG	3.63423322348218	9.7507284	3437
GGG	2.71888411610372	6.8985516	3502
GGG	9.43555880205591	9.941066	3171
GGG	12.3192418172875	11.044447	4335
GGG	8.2072002113369	8.5420337	3578
GGG	26.9773509722231	15.7768191	4074
GGG	25.4308099316522	4.5159438	2564
GGG	9.19117844778425	9.9632896	4490
GGG	10.543755359333	3.3362336	3064
GGG	4.09806227413414	17.7391305	4908
GGG	12.4034675220314	13.3613578	6559
GGG	4.74327096041522	6.5024181	8698
GGG	24.7801555801617	7.2144942	2544
HUM	3.95915261185353	23.79610533	9552
HUM	NA	1.68628028	4609
HUM	3.61579110171676	33.81422413	9101
HUM	3.56856518147367	25.56777147	9914
HUM	3.87443961932245	27.17787971	9758
HUM	7.37092907586845	23.48603263	9283
HUM	15.7670357434792	16.19748905	9703
HUM	16.5574900583051	27.76060774	10000
HUM	16.6253268340733	31.32806476	3466
HUM	16.6253268340733	29.00614981	3758
HUM	16.6253268340733	28.82453184	9441
HUM	16.6253268340733	20.9916651	8768
HUM	16.6253268340733	20.92344048	9997
HUM	16.6253268340733	21.61910561	6914
HUM	16.6253268340733	43.10420208	9544
HUM	16.6253268340733	22.39147833	9867
HUM	16.6253268340733	19.4138114	8807
HUM	16.6253268340733	14.87618107	9924
HUM	16.6253268340733	29.68250535	8233
HUM	16.6253268340733	30.18406172	8488
HUM	16.6253268340733	26.02795741	9874
HUM	16.6253268340733	29.41859126	9323
HUM	16.6253268340733	26.14676341	9772
HUM	16.6253268340733	19.84682373	9969
HUM	16.6253268340733	16.68241987	7609
HUM	16.6253268340733	23.29577563	9909
HUM	16.6253268340733	36.38093852	9597
HUM	16.6253268340733	32.481554	9383
HUM	14.9652752235947	33.59988851	9996
HUM	11.2653104223242	30.06199745	9979
HUM	11.2653104223242	17.71647184	8628
HUM	11.2653104223242	11.11701917	5663
HUM	11.2653104223242	4.07068546	3061
HUM	11.2653104223242	15.16164375	9622
HUM	11.2653104223242	19.33539121	9346
HUM	13.6596482357257	8.42560849	7781
HUM	13.9300254967825	46.73173289	9750
HUM	11.3842359217473	43.41985751	9873
HUM	6.65887481611711	24.99486884	8845
HUM	6.65887481611711	18.8846851	9726
HUM	6.76788688605373	25.34030749	8523
HUM	6.38362130270073	19.10947296	9506
HUM	2.59659597731431	23.59045379	9171
HUM	1.72131139426667	18.45135954	9535
HUM	2.03293511615256	28.71993613	8639
HUM	2.75474452698617	27.30864088	9902
HUM	4.25102836879433	22.13452398	8794
HUM	4.25082818719097	14.40102883	9959
HUM	4.25129226793022	21.51068725	8989
HUM	8.98239452903977	37.26024049	10000
HUM	9.68651974200919	29.30906774	10000
HUM	9.68651974200919	28.2574715	9678
HUM	9.68651974200919	17.61032807	9858
HUM	8.33714277605135	23.84068783	8113
HUM	8.19577511300076	14.88557129	9135
HUM	8.19577511300076	34.35154296	9591
HUM	8.19577511300076	25.42064714	9464
HUM	8.19577511300076	27.78131926	9619
HUM	7.42783881471778	19.28155924	7026
HUM	7.08029347744502	19.86485974	8804
HUM	7.07957186673461	27.72480913	9885
HUM	7.07970553966741	34.92989351	9450
HUM	7.24280652679311	21.65385955	9480
HUM	9.88128793597707	22.94239158	9188
HUM	13.1486803805868	31.4450444	7861
HUM	13.1541407061267	9.13716177	4070
HUM	13.1541407061267	19.30946309	9604
HUM	13.1541407061267	16.98657861	9859
HUM	17.2161699290354	31.50664981	9071
HUM	8.00075829655504	14.16023776	10000
HUM	6.06712177141285	18.15370176	10000
HUM	17.6021016237569	20.60682074	8632
HUM	15.1147306918872	27.30314644	9799
HUM	6.46137991987732	16.63055586	9830
HUM	3.13084456348154	17.7390659	9918
HUM	3.92407520947924	19.06594864	9479
HUM	4.73877310358106	24.86876131	7723
HUM	4.73877310358106	22.87898497	10000
HUM	4.73877310358106	26.36225132	9769
HUM	7.76602529478747	16.34754797	9897
HUM	11.6387869333823	14.3698352	9389
HUM	11.6387869333823	18.33092314	9813
HUM	11.4856140333225	16.84037609	10000
HUM	8.11661659239827	24.09481905	9088
HUM	7.60434078033563	23.38024315	9644
HUM	3.87524516978728	22.38414463	9555
HUM	3.27913940396396	9.51309795	7772
HUM	3.27913940396396	20.03558265	10000
HUM	3.27913940396396	16.46974927	10000
HUM	3.27913940396396	18.94743673	8676
HUM	3.27913940396396	15.20227777	8984
HUM	3.27913940396396	15.7823324	10000
HUM	3.27913940396396	19.90939609	9942
HUM	3.27913940396396	15.73528683	9831
HUM	3.27913940396396	15.33903072	9831
HUM	3.27913940396396	11.21227428	7416
HUM	3.27913940396396	8.13970927	7707
HUM	3.27913940396396	15.48848381	9708
HUM	3.27913940396396	15.20328825	9807
HUM	3.27913940396396	18.7696872	9691
HUM	3.27913940396396	13.92308163	10000
HUM	3.27913940396396	19.25351972	9839
HUM	3.27913940396396	17.93476043	9874
HUM	4.59693262460921	13.44254747	9982
HUM	5.04755670059551	8.52955214	9900
HUM	4.75498063725926	18.28905716	10000
HUM	3.90581987312709	13.81413819	9309
HUM	3.33235714157217	11.94800639	9286
HUM	2.17681365005251	13.50664885	10000
HUM	1.78541221144279	6.02206994	9888
HUM	1.75485069155955	9.40546878	9959
HUM	1.5827325195409	15.87586778	9899
HUM	0.99900538901093	23.86305667	10000
HUM	0.303509681623164	18.18591057	9972
HUM	1.95311984928583	21.98727523	10000
HUM	10.2867984151346	61.9241297	9945
HUM	10.9017280777975	19.97248843	9674
HUM	5.48262065516379	7.57136395	9806
HUM	8.66283428922344	11.93330797	8652
HUM	1.44229805150935	40.71949395	8202
HUM	10.786894888536	12.3717713	9840
HUM	3.30192340125197	9.57035519	9734
HUM	1.43499018065218	23.62128242	10000
HUM	2.85361244544518	15.72900686	9939
HUM	2.39962075501719	23.90675896	10000
HUM	2.93505686753304	16.27576822	10000
HUM	7.08546511188139	22.96085859	8848
HUM	14.4756783383277	8.27379097	8915
HUM	14.4756783383277	8.00987248	9941
HUM	8.05956456259662	8.80022688	9442
HUM	1.44596672509764	39.92001025	7726
HUM	4.79425497825589	13.46299187	10000
HUM	4.56549322560591	10.51994257	9958
HUM	3.96546301979686	11.56824955	10000
HUM	4.25696612290205	21.94274349	10000
HUM	7.23382652187541	22.1870928	9234
HUM	14.4041505323251	22.65929643	10000
HUM	13.8386205096848	19.99231898	10000
HUM	14.4351111784537	13.84994139	9974
HUM	14.4351111784537	22.2563311	9585
HUM	12.9440864025682	17.09956472	10000
HUM	1.44596672509764	15.59440714	4834
HUM	17.7659543206614	18.86288317	9941
HUM	14.4973674874063	13.37716621	10000
HUM	18.207289965775	15.09626819	9947
HUM	6.41472181306085	13.92224869	9733
HUM	1.44589958154948	18.70448868	7264
HUM	1.44614987270782	24.02141269	7916
HUM	1.44614987270782	38.10210985	9603
HUM	2.82351733146997	41.74521173	9154
HUM	1.7774927316276	27.82791266	6156
HUM	2.2212888580332	33.97227189	9472
HUM	2.45459761321909	16.20828856	7091
HUM	4.5113378087398	9.79334148	8208
HUM	5.22311078474213	7.36677195	9107
HUM	5.23597020318537	18.96292697	10000
HUM	5.23597020318537	23.52125646	8117
HUM	5.23597020318537	34.400247	9560
HUM	10.2728201018936	35.17393022	8730
HUM	11.2125849922181	36.93365955	9470
HUM	16.8728330824159	26.60818089	9729
HUM	17.0970631456109	40.66442994	9204
HUM	17.0970631456109	24.35053547	9171
HUM	17.0970631456109	26.53368056	9452
HUM	17.0970631456109	27.57886804	8414
HUM	18.4081849071243	20.16559052	9201
HUM	17.2613282754599	23.28032935	9378
HUM	13.3271795841889	25.81790852	5997
HUM	5.88988326848249	27.53670579	8780
HUM	6.66675456502082	29.80335445	9484
HUM	5.04870632560001	27.7894329	10000
HUM	15.9954253807265	17.16739169	9335
HUM	25.9711795908058	38.22254463	8437
HUM	19.125093320473	50.20143396	8164
HUM	13.8427654609102	25.84524926	9224
HUM	15.2335781573872	16.96397503	8232
HUM	15.6588324750285	32.66557951	7770
HUM	15.6588324750285	23.78368796	9373
HUM	17.9575960491837	21.97779778	8844
HUM	18.0803232264072	14.28989603	8977
HUM	16.8314172958133	15.51871447	8945
HUM	16.8314172958133	27.94033396	9830
HUM	16.8314172958133	32.9867532	9127
HUM	17.0110783780654	26.87113321	9148
HUM	11.754755651539	27.71739269	10000
HUM	6.28895191899609	33.65964428	9939
HUM	4.49246091842048	29.06621488	9618
HUM	2.27563959955506	24.49607049	10000
HUM	5.05300594082179	23.28028798	6426
HUM	10.202753964719	35.86069598	9630
HUM	14.310883744104	22.82392313	9274
HUM	14.698976341163	21.84845428	9183
HUM	17.1718907720838	29.01496607	9515
HUM	19.6395890265062	25.23378116	9918
HUM	19.6233310703779	31.42477354	9607
HUM	19.6233310703779	27.23610341	9635
HUM	19.0381414410686	16.07055438	9896
HUM	8.68098029735283	22.82040824	7813
HUM	8.68098029735283	20.53464174	8389
HUM	8.68098029735283	28.0709081	9168
HUM	6.82398099999985	14.11570548	6381
HUM	6.18494216507092	24.86306083	10000
HUM	6.18492775081571	18.63854625	9458
HUM	6.18492775081571	16.99886322	8341
HUM	6.18492775081571	23.18990512	9872
HUM	7.44218551672017	21.53723328	9939
HUM	6.15800368928059	28.39432534	9115
HUM	6.15800368928059	17.50608153	8239
HUM	8.7677506880649	28.05984727	9371
HUM	8.84328586102551	17.19143543	8264
HUM	8.84328586102551	29.19731796	9874
HUM	13.496315893577	18.64390234	9855
HUM	21.9225725784316	30.99596056	9544
HUM	22.8495881141512	29.14396436	8856
HUM	4.66355656482478	21.21087789	9938
HUM	4.08600052613118	23.88680095	9758
PPA	67.8038861168597	5.9507692	3662
PPA	14.9777722506158	4.0092316	3051
PPA	17.533913107872	2.8492307	4831
PPA	17.5645369528324	3.7476917	2547
PPA	17.5708658247415	6.2646135	2893
PPA	5.15319712145163	6.2092324	3344
PPA	7.20296837867652	4.5723078	4264
PPA	25.8936642367352	9.7230763	4871
PPA	15.3482428859281	5.5661542	3964
PPA	30.9736879082479	5.98154	3505
PPA	30.9729295780567	7.4246144	2717
PPA	26.8089352636311	3.6061538	3537
PPA	8.0344168651511	0.9723073	2746
PPA	8.2026046783487	2.1876925	2849
PPA	5.78205472600622	1.9076925	2718
PPA	10.2060143134106	2.6338462	2504
PPA	5.83083801339635	3.356922	2831
PPA	9.91447800645542	4.4338459	3192
PPA	8.7507161329461	1.276923	2830
PPA	1.81491127828882	3.8892294	3245
PPA	4.95313641573758	2.0061531	3746
PPA	9.64066380604403	4.1015389	3211
PPA	4.96092515570536	3.5938464	2758
PPA	4.98230329438369	6.6153876	5811
PPA	4.92064473922682	4.3630764	3845
PPA	2.53276327403089	2.8707708	2967
PPA	1.30006678838168	0.3015382	2659
PPA	15.0481650662298	4.0738446	3859
PPA	15.688272098322	3.7169223	2841
PPA	14.3759689570067	3.4523069	3599
PPA	2.45375903620465	5.7569226	2886
PPA	6.99941760172114	2.2307685	2713
PPA	8.05926391064835	1.1076922	4653
PPA	8.05567592115045	1.5507696	3376
PPA	8.04584847717588	1.5138462	2572
PPA	8.00315347383469	1.8184618	3104
PPA	7.38794906263895	2.7353836	3834
PPA	7.52928486902366	1.2061533	2580
PPA	7.50879852635948	3.0030773	2829
PPA	7.52165848831258	2.8861537	3412
PPA	7.02278684287843	2.4553843	2814
PPA	6.12266087884017	2.6153846	3591
PPA	6.34478938296846	4.7846164	4231
PPA	6.57290255593192	4.2523083	3620
PPA	6.57342818428748	3.1107687	2715
PPA	4.97281460133761	3.446155	6339
PPA	4.62883019855963	2.1353838	4147
PPA	2.31974443792862	2.4492302	3107
PPA	22.7058719834428	6.0615383	4376
PPA	20.0179080214036	3.2000007	3606
PPA	1.3617329874909	2.3292303	3063
PPA	1.79819773578636	2.4246142	2965
PPA	0.77645231689883	2.7323076	3672
PPA	0.410414486598835	5.8707694	5628
PPA	8.23206212938284	4.0953852	3876
PPA	1.07151168049629	6.0923076	3116
PPA	4.32062750161949	6.8369267	4740
PPA	3.44157772795782	2.9476909	5069
PPA	3.6214474104328	3.3815378	4621
PPA	3.07885619081887	2.4030766	3340
PPA	1.78541973269124	1.7046151	2967
PPA	1.60873089759109	3.2000005	3771
PPA	6.37895176366883	4.1876919	3944
PPA	2.36178066034697	4.821538	4378
PPA	9.15973833588311	8.3599996	4764
PPA	3.36312840427735	5.5169207	5805
PPA	5.16841497328124	2.8676913	3948
PPA	4.84897258596976	3.3907702	4445
PPA	1.27702834893666	2.6246146	5122
PPA	2.9581843422802	4.6553861	3738
PPA	17.555826211514	6.8615381	6711
PPA	17.5549138584778	6.7692308	5095
PPA	17.5549119496435	4.0276919	4644
PPA	17.5548213124882	6.775383	4640
PPA	15.1965798236687	7.7815389	4331
PPA	11.6142561097033	6.9199989	4306
PPA	16.0243801530586	3.236924	4646
PPA	4.65663060587012	2.1753844	3386
PPA	0.478454839095222	2.2984604	2528
PPA	0.639314304582304	5.5784624	3241
PPA	3.2331966290177	3.5107718	4174
PPA	3.07061035352129	1.8369232	2806
PPA	1.18825319361607	3.8769234	4886
PPA	0.495899330176434	2.6061523	4493
PPA	6.85554673349561	4.8769207	4759
PPA	8.40409119707535	7.4061514	5372
PPA	2.06765968031888	2.0523065	4350
PPA	8.05427215340086	8.3723081	6502
PPA	1.89265420887141	16.1846092	7619
PPA	0.314547599546399	4.1138444	4589
PPA	10.4058018038052	6.1015394	4322
PPA	5.45881555098214	3.4153858	3370
PPA	5.39968887239074	1.2830759	3135
PPA	5.39766083323679	0.6430761	3001
PPA	5.3613471133244	4.4984597	3688
PPA	4.98998201718141	5.6215385	2595
PPA	4.32493144692758	3.8799993	2642
PPA	5.43450156426778	4.7846144	3534
PPA	11.9769190274976	10.4584606	5078
PPA	13.213438373764	2.1384615	3160
PPA	13.2403890965178	2.5015381	3902
PPA	9.61336861231848	8.2123049	4053
PPA	13.9139942240799	2.2861543	2782
PPA	16.9824186880153	4.4092302	3887
PPA	16.9827955816507	2.2246154	2942
PPA	16.9831340030267	3.7415375	4148
PPA	16.9829869637059	5.1323075	5405
PPA	16.9828928255164	3.5476934	4321
PPA	16.9831353388417	4.3107671	4655
PPA	16.1415683237585	5.5692298	3426
PPA	16.9703706806287	7.1569229	3744
PPA	16.9545272754947	4.9969242	5519
PPA	8.35479727849039	7.7969224	5068
PPA	2.92738407064127	3.1507684	2561
PPA	6.44115084603517	5.6676929	6573
PPA	21.9069882850914	6.0338453	3009
PPA	23.836323015089	3.3876937	2614
PPA	29.7062184818476	9.7846169	6517
PPA	12.2234839655735	5.2830787	3431
PPA	21.4403486937531	4.8676902	4065
PPA	35.0043816213656	3.8738465	3150
PPA	35.0034057589911	3.8923066	2546
PPA	33.6284999938843	9.8030771	4948
PPA	10.7264665528212	7.6184582	3371
PPA	50.8004774560724	8.4461507	2982
PPA	34.3676100904254	1.8584602	3526
PPA	22.9885578095128	1.9353837	4563
PPA	51.3972267240798	7.375384	6201
PPA	52.8989847445234	11.9815376	4851
PPA	36.6061189825112	11.3107704	3213
PTE	6.77910399791219	8.594737	3352
PTE	11.9737285014656	7.063159	3833
PTE	15.0297098556103	15.257896	4855
PTE	27.2970201667051	8.310527	2570
PTE	13.1258551858276	9.752633	3008
PTE	20.2403988636553	4.710528	3412
PTE	20.2408016696866	9.06316	4366
PTE	30.3321540412113	15.63158	4856
PTE	49.7489058704724	17.447373	4065
PTE	29.2822395946609	9.331581	3630
PTE	8.55085774140385	5.636845	2764
PTE	18.8218386121311	4.884211	2572
PTE	19.4460716822109	13.552635	4210
PTE	0.996805415274799	3.068422	2999
PTE	4.74904616389854	6.036843	3800
PTE	2.78018081366772	6.626317	2776
PTE	10.2165493106901	6.631582	4207
PTE	13.0987605876919	10.399999	3333
PTE	7.10626565283332	8.18421	4710
PTE	3.33178800501775	2.936842	2950
PTE	1.99313709120077	13.263158	3733
PTE	8.16601354471582	10.847367	3439
PTE	6.65340844271574	7.684214	3409
PTE	5.94615280184726	4.057896	4110
PTE	12.3253913376239	9.042109	4877
PTE	0.393636371659349	5.305263	2758
PTE	4.85643547739742	5.426318	5453
PTE	9.40130232872336	9.03158	3989
PTE	9.60381499320046	6.057895	3383
PTE	5.74594511989627	5.121053	2892
PTE	1.29304258046436	5.063161	3966
PTE	5.95386410874916	7.289475	3076
PTE	7.60418907687479	3.157896	3446
PTE	10.4228840974657	7.394738	2618
PTE	2.51690750723688	13.56316	3273
PTE	11.7121381688457	7.178947	2590
PTE	4.29169145033726	11.105264	6998
PTE	3.0973418196608	8.384211	5311
PTE	6.6109690651188	6.894739	3185
PTE	5.09910644758544	4.28421	2507
PTE	0.605473413695379	2.868422	3529
PTE	7.66645455716707	6.736842	3014
PTE	5.44135031008056	3.305264	2895
PTE	7.68562987581585	12.015792	3406
PTE	17.2310308396872	9.152632	3365
PTE	17.5796600362158	6.994738	3729
PTE	2.31918444215366	6.984211	4197
PTE	1.60809281943968	7.610526	3750
PTE	5.03484473105521	9.031577	2788
PTE	8.17795532336114	12.757895	5925
PTE	5.28342916684451	17.531579	4210
PTE	8.44994314301547	10.194739	3132
PTE	12.4288068662687	14.768424	4633
PTE	1.05396329282399	5.04737	3546
PTE	2.62591541887576	7.989475	3064
PTE	1.14293646876905	14.131581	2838
PTE	2.97438420610286	9.65263	3698
PTE	0.924394987820111	8.310526	5646
PTE	1.11251406214107	11.268421	3802
PTE	1.40120664997806	5.27895	3188
PTE	1.61148112530934	11.694738	4546
PTE	0.414371091198717	6.121054	5288
PTE	2.71182793254756	17.815796	4846
PTE	10.2294374206341	12.24737	3567
PTE	1.99847928091599	9.978949	3830
PTE	1.13643294536849	3.978948	3946
PTE	1.17347934504121	9.878947	4467
PTE	4.21384993903587	7.26316	3855
PTE	1.60105458600641	9.494739	4779
PTE	3.25555000140808	10	4361
PTE	10.090192232013	8.710527	4456
PTE	7.34852743437847	7.442108	5147
PTE	10.6210457145115	11.23158	3762
PTE	8.81226505979771	10.468421	6900
PTE	6.33486834223844	6.347368	5150
PTE	0.734919891395035	5.089474	4576
PTE	3.86428568379704	4.694737	5171
PTE	4.14619607760725	8.452634	4529
PTE	17.8082508987754	15.27895	5730
PTE	10.0238814788544	5.826316	5388
PTE	4.38659620691773	8.615789	4202
PTE	5.86811544883559	5.236844	2536
PTE	21.3404769633326	8.047369	3275
PTE	0.462725448626908	8.078946	4158
PTE	3.73106685017256	7.936842	2908
PTE	6.63924231503263	9.426318	4863
PTE	8.61645332262388	8.315792	4674
PTE	24.5023117136451	6.194739	4358
PTE	15.9253683429498	10.884211	5832
PTE	2.6434441216106	3.942107	4302
PTE	8.74282336055619	4.257896	2727
PTE	5.50179593004605	11.594739	6676
PTE	3.20771815323251	14.578945	7527
PTE	7.4348783699361	7.084211	4274
PTE	1.55400352420365	8.805263	4483
PTE	22.0073935597515	6.094737	4271
PTE	24.0257152876698	17.147371	6188
PTE	19.6166725371404	5.468422	3089
PTE	90.3537865465602	60.868431	7681
PTE	36.4659767505997	24.821063	5266
PTE	39.1789256043523	9.636844	4765
PTE	2.09394027511017	7.778948	4112
PTE	3.00308563835151	4.084212	2790
PTE	15.289501305264	2.931579	2577
PTE	15.3783749239324	2.294738	3430
PTE	7.21868232780471	3.036843	4255
PTE	10.7300116017496	7.952632	2868
PTE	18.1468244435448	11.168423	5691
PTE	8.19299007641725	11.573685	3620
PTE	29.8149984274854	5.773685	4067
PTE	10.0498984948332	10.236842	4152
PTE	7.32697185883761	6.13158	3339
PTE	7.33474055191209	7.631581	4112
PTE	2.14757345109726	5.778948	3020
PTE	5.29670784615859	3.11579	2788
PTE	22.5224653212196	13.126314	6129
PTE	22.5222703225814	22.315792	8211
PTE	22.5221454796574	9.489475	6157
PTE	5.55334290606969	13.547368	5056
PTE	1.60568214784725	4.715791	3753
PTE	21.3407870197711	7.368424	4140
PTE	16.2904753736944	10.568422	5341
PTE	10.4643242917662	4.473684	4949
PTE	8.70865106254563	7.810528	7040
PTE	10.0588563875205	5.889476	2965
PTE	9.96391199566572	4.763157	2598
PTE	9.88719541705706	7.094737	4295
PTE	3.85595693323124	7.173685	3442
PTE	26.1542138281891	21.873683	4505
PTE	1.5766043755157	6.757897	3002
PTE	1.59957886073098	8.610525	2973
PTE	28.6341901199965	31.031584	4363
PTE	41.767332063964	36.094745	2868
PTE	27.9129699198931	32.700006	2658
PTE	4.06462193509114	3.457895	2662
PTE	4.50859058938866	5.363158	3564
PTE	8.37420950452428	11.900001	4990
PTE	28.4432341184685	18.684212	4864
PTE	79.9090209738512	37.436843	3100
PTE	36.6093098164834	12.247373	3665
PTS	4.43960646910487	8.4495012	3981
PTS	31.6112864349697	6.974396	3518
PTS	20.9647242639321	13.4025578	4692
PTS	24.751983204144	12.1123724	2953
PTS	3.86145928491418	9.4068286	3519
PTS	5.96244934050909	11.401136	4277
PTS	24.7396165056412	17.3015664	4932
PTS	20.8095465935557	13.6898984	3969
PTS	8.22401866521502	7.8093838	3630
PTS	3.8014624306123	6.0227592	2763
PTS	42.8799486928123	5.5761014	2556
PTS	34.106288978708	14.0867716	4015
PTS	4.18945686671507	7.2702672	3023
PTS	10.4861621506874	9.8563302	3725
PTS	4.88449217484279	6.8762424	2782
PTS	16.9436013184837	13.7368388	5369
PTS	13.1886556865143	14.1251754	3356
PTS	5.54241182891605	4.8008522	3664
PTS	4.9580160322119	6.9288756	2900
PTS	11.9092786313377	9.2887628	3188
PTS	7.18382225790705	8.9502132	3364
PTS	2.20373844798955	3.7368406	4119
PTS	5.04343832427889	6.687055	3517
PTS	15.1396375255993	11.7183508	3690
PTS	0.411633973200635	3.8819344	2758
PTS	1.75471259003403	6.1962982	5535
PTS	6.58383953908024	5.062587	4102
PTS	5.54482715360459	8.4751056	3377
PTS	12.8717347794648	6.7610218	2894
PTS	0.955978116207065	10.826454	3835
PTS	10.0396878448627	9.7254638	3096
PTS	8.54596430826438	11.4651442	3367
PTS	11.9756910238582	11.3100954	2528
PTS	1.99122511282496	8.5021312	3315
PTS	15.2667150246314	9.4807914	3061
PTS	5.99398806268737	19.6770948	5695
PTS	7.9261008772922	9.671407	3938
PTS	14.1652032543669	10.2617348	3182
PTS	11.7574885744869	4.662873	3172
PTS	0.501369647908455	3.883358	3786
PTS	9.03504912720218	8.0014214	3134
PTS	2.37871739892264	3.8620186	2742
PTS	6.58972387463989	8.7240366	3672
PTS	7.67561354052644	8.082503	2949
PTS	14.3341983484873	11.2332862	3737
PTS	7.59532996563061	7.4651486	4228
PTS	9.99362304289849	8.9829278	3522
PTS	4.00522310123344	8.597439	2698
PTS	1.52955524501853	10.5604556	6411
PTS	5.37325898095858	15.5120934	4190
PTS	0.828369324986225	6.3968696	3126
PTS	14.669756357155	15.088194	4620
PTS	12.0996465580019	6.9857752	3717
PTS	9.82908036303914	5.7240388	3067
PTS	8.48531878007928	11.0782326	2922
PTS	10.222599647802	8.4366974	3695
PTS	1.58550641924395	6.6642966	5636
PTS	3.40895636832232	10.2204788	3781
PTS	3.67265513599931	6.344236	3225
PTS	2.02914690495788	8.3229016	5186
PTS	0.728577095674881	7.0512072	5147
PTS	11.2880645915156	12.201994	4790
PTS	6.39096006508358	12.9430996	3619
PTS	2.10610401660028	6.2588902	3022
PTS	0.594095674443436	6.3940226	3827
PTS	2.90279191785323	2.8364124	3946
PTS	1.37251886027706	11.1522044	4956
PTS	16.7802867162873	11.8136578	5310
PTS	2.82363101505271	12.4082494	5831
PTS	8.36725904361793	8.8079618	4392
PTS	8.75502215521564	7.4836422	4465
PTS	3.18160917414654	7.9018496	5092
PTS	8.35381741589327	7.4623034	3762
PTS	9.39855162942176	17.5092428	6733
PTS	12.0223943432821	10.6898998	5084
PTS	5.78494242359546	9.160736	5013
PTS	6.84000491398498	9.5234686	5696
PTS	6.26375346652815	15.0241812	4696
PTS	16.0950372271824	10.7041264	5452
PTS	4.30759653688628	5.2958738	4825
PTS	13.0927479022942	4.7126578	3948
PTS	1.49111283864942	5.6216194	2533
PTS	2.45952207225766	4.7027042	3253
PTS	3.59899921803409	3.9046938	4177
PTS	7.59232240383655	5.1081058	2902
PTS	7.49478977418643	8.8307242	4910
PTS	2.49451700369704	6.5803704	4698
PTS	13.3178211543728	10.8079678	4334
PTS	6.84772995936799	9.561878	5463
PTS	3.2960779930113	5.7524912	4356
PTS	8.70016258994897	15.2204836	6688
PTS	2.4175131685886	11.2133646	7469
PTS	8.82224324159626	11.523469	5582
PTS	2.06633241875906	9.2119482	4424
PTS	1.91833540513888	11.0071094	3541
PTS	7.13785168767425	6.0739668	2802
PTS	11.0106028560719	7.001422	2693
PTS	17.6807959455471	10.611665	3540
PTS	8.14377886379208	10.1379798	4431
PTS	24.6412024959992	5.9288748	3677
PTS	0.849705616704014	7.9046938	4668
PTS	7.84106990137965	8.2759568	3004
PTS	11.6387651824162	7.6571824	3406
PTS	6.94668074833153	5.4438108	4008
PTS	10.1472280019689	6.4836398	2712
PTS	17.1785234512938	5.5576114	4904
PTS	3.4388613135942	9.7638712	2686
PTS	15.794694022544	3.817923	2998
PTS	15.7857819509611	4.6301546	2923
PTS	8.92648214411202	8.951637	4228
PTS	14.2837820079241	12.17212	5630
PTS	8.6071914998689	13.5320086	3513
PTS	16.7794858314925	6.4196292	4160
PTS	9.70267455447953	10.7652922	4119
PTS	13.0812969335203	4.9630132	3318
PTS	11.2891232528458	6.6429606	4112
PTS	6.17429900725567	5.5817932	3010
PTS	68.7798681447797	14.7553342	5555
PTS	47.4094703769534	18.5547632	6263
PTS	42.3644831338512	13.0341372	5342
PTS	16.5252925891233	16.4665678	5043
PTS	4.51247387516743	8.1507776	3837
PTS	8.80882930975475	9.310099	4262
PTS	19.0971649286299	13.748219	5570
PTS	5.09050323213577	8.5533454	4836
PTS	3.76262933862065	5.6557608	2582
PTS	12.6494637887744	14.2418182	7024
PTS	38.9412386413724	10.8378368	3082
PTS	20.7929501531259	9.53627	2705
PTS	20.7929294303437	14.4495	4471
PTS	7.36899428071148	10.9743952	3444
PTS	16.3041787274654	16.35846	4985
PTS	9.40971530469933	9.5448074	2964
PTS	21.4417747515166	10.6045518	2971
PTS	10.4423485203553	12.2432426	4933
PTS	23.8948819100351	7.3684202	3096
PTS	33.3816745213889	13.5106686	3332
PTS	5.29966097783028	10.5106666	2681
PTS	2.16450312278825	7.7027018	3778
PTS	6.54724303134109	14.2176386	4981
PTS	35.5563650434256	12.7624464	5208
PTS	18.7605814170757	13.4765294	4496
PTS	10.3125119616942	11.9914612	3362
PTT	20.5868649788961	7.2412786	3343
PTT	20.6293204815912	11.6793732	3996
PTT	15.6895405534826	14.4412826	4760
PTT	25.1540828253198	15.17461	2961
PTT	7.6875753204176	8.1254026	3551
PTT	9.64513655433333	17.66033	4130
PTT	17.5062618117505	18.5095368	4636
PTT	24.8796271062995	14.6254076	4037
PTT	24.8797711454533	9.6238202	3733
PTT	24.8791620128997	8.3238162	2769
PTT	20.8049041194447	16.4746132	4293
PTT	6.93027616780838	6.0301644	2509
PTT	1.13335922687465	7.4079492	2994
PTT	8.00037022415529	8.2079442	3764
PTT	18.7394872254894	6.0746124	2762
PTT	13.0394474836769	13.0777876	4688
PTT	6.13973178256211	11.4920744	3190
PTT	3.3458553134718	6.4539758	3602
PTT	1.77151839195034	6.2603232	2853
PTT	3.4875576319994	15.5365172	3492
PTT	7.29483393230865	10.4984214	3388
PTT	8.04715311870776	9.6158846	4773
PTT	13.180360213786	8.8269966	3465
PTT	9.24861766238995	14.5063586	3767
PTT	2.20401156131152	4.6761948	2758
PTT	2.93536133609603	8.255564	5796
PTT	6.74584760857404	9.0857216	4021
PTT	5.7634170786377	10.0396862	3397
PTT	7.2768000304762	8.6920698	2894
PTT	2.91890706118187	12.7365166	3934
PTT	12.3114093567019	10.6714378	3044
PTT	9.3953296864878	13.5158868	3589
PTT	12.3953925006646	11.439691	2608
PTT	2.95534544680065	7.62699	3266
PTT	7.05987022466644	8.1095298	2676
PTT	6.51242495435629	22.1285852	6384
PTT	11.463157769683	10.9730236	3590
PTT	11.575292855773	10.230164	3029
PTT	10.1778563985594	9.0619106	3063
PTT	2.25868236601964	8.9809614	3965
PTT	7.24081362597335	10.1873134	3027
PTT	3.25819570107218	7.0571468	3091
PTT	10.6921456686878	11.9730252	3691
PTT	17.8860415823687	8.988899	3012
PTT	17.9138451100721	11.7682656	3791
PTT	3.84306338045693	8.0904844	4339
PTT	9.75225848715152	9.9142972	3538
PTT	13.4596609461068	12.138103	2799
PTT	5.51026792103179	15.4047826	6451
PTT	4.12937968801431	15.5047694	4025
PTT	3.02146292529605	9.1809554	3054
PTT	13.2394242098595	16.8238204	4612
PTT	7.72732283628539	5.6888958	3787
PTT	5.4644053450419	7.9857214	3053
PTT	6.11357679056849	9.7571562	2990
PTT	7.1537301930859	12.4142924	3635
PTT	1.21489139589512	11.1190528	5631
PTT	3.06666479768678	12.4571534	3850
PTT	3.85979490900253	6.5825436	3189
PTT	2.23648457690027	12.461919	4599
PTT	0.553337385567072	6.0015888	5137
PTT	6.30464288389867	16.288903	4761
PTT	7.46231891849278	12.2825528	3623
PTT	3.10988651047077	11.6746154	3830
PTT	0.604892781747175	6.5984196	3946
PTT	4.0811096619292	15.5777924	4776
PTT	8.32623688644544	17.9539816	4680
PTT	4.5078613982511	13.7000148	5795
PTT	10.3868804441294	12.7904934	4290
PTT	16.3442787571852	10.22064	4465
PTT	7.01944848497295	11.0333458	5184
PTT	17.565933772738	11.3968352	3689
PTT	9.51696731110045	19.8270006	6734
PTT	5.08607838590014	12.1206462	5179
PTT	3.83657385763402	11.95874	4825
PTT	8.85425361792699	12.2809612	5359
PTT	1.65684798947728	12.7127158	4726
PTT	14.4175153018782	13.9793762	5542
PTT	16.4873169590054	6.3730232	5100
PTT	6.74552720658261	6.6555646	3927
PTT	10.9982582945355	7.5634938	2536
PTT	10.1254530927	7.4634994	3270
PTT	4.14651784906486	6.6873088	4178
PTT	5.10907966688623	8.9158784	2888
PTT	5.71877521292725	11.1952448	4911
PTT	1.88238933038972	6.766676	4694
PTT	9.13078769560251	15.2761972	4662
PTT	6.1656216260567	13.7381082	5508
PTT	10.3517851582606	7.4873092	4350
PTT	13.5931216656007	4.8047676	2635
PTT	10.4811458203664	16.3587452	6688
PTT	4.12554119358107	16.236525	7666
PTT	9.99384281480651	11.2238242	4764
PTT	13.1831547439559	12.6508066	4494
PTT	3.31263540089894	11.8079464	3815
PTT	7.46832466016158	9.0381016	3323
PTT	24.1630462319565	7.5634982	2561
PTT	23.0374654513866	12.2349276	3394
PTT	13.012608268783	15.6142992	4302
PTT	16.6636978035678	10.3968334	3792
PTT	11.153031492268	7.6444512	4514
PTT	2.30273620052226	6.0333426	2533
PTT	7.56922711932161	9.60953	3062
PTT	19.1176669227568	9.766675	3354
PTT	15.4188786621568	9.6857208	4087
PTT	6.27681137860069	7.6381022	2992
PTT	5.12489871429809	9.2365168	4794
PTT	5.68025468925323	11.2079432	2786
PTT	17.1870091877107	7.3476244	3166
PTT	10.4809780840178	9.006358	2864
PTT	11.9302598066401	9.9428618	3928
PTT	26.1482954838185	19.1031886	5567
PTT	24.9429112318658	13.549219	3533
PTT	37.1606162494903	7.9571498	2523
PTT	10.2639608743369	7.6158822	4157
PTT	4.83581680619363	8.4222312	4183
PTT	5.99597776768759	6.0317536	3340
PTT	15.5911478053721	6.7698486	4094
PTT	11.0181952099477	5.5222262	2996
PTT	44.4143939572484	17.3444606	5616
PTT	35.3038760668594	20.6143056	6678
PTT	21.083993576342	13.6841404	5376
PTT	23.2210164629811	14.1587438	5083
PTT	16.2927568903614	9.685725	4030
PTT	24.6274447493828	10.1650906	4326
PTT	17.8783050696351	21.417474	5465
PTT	8.35191310442201	10.7254096	4970
PTT	3.33414561350993	6.466671	2527
PTT	6.5124362627361	18.727002	6959
PTT	17.4543117007909	11.6095304	3064
PTT	21.3337115594483	11.2587428	2771
PTT	28.7854020728367	16.0381126	4973
PTT	10.2360854383471	12.8365204	3456
PTT	13.1759654157135	12.5476334	4777
PTT	11.6893465156423	8.1365152	3063
PTT	11.6338654981454	10.0095302	2742
PTT	15.84016131463	14.3095332	4948
PTT	19.4851884660586	12.7714372	3181
PTT	9.32766140597397	15.912715	3077
PTT	14.8526453803456	8.4047696	2667
PTT	14.8527355475733	10.2841362	3834
PTT	11.8723550094883	14.8809638	4954
PTT	30.1065644991531	14.4063636	5147
PTT	30.1062759280372	14.85874	4494
PTT	14.6001108553794	16.117467	3384
PTV	13.0541502587834	3.0346317	4187
PTV	13.2361059718086	10.6493417	4112
PTV	3.11587339037294	9.8528064	4900
PTV	9.78630503306655	2.2987	2685
PTV	5.29329321348188	10.1645033	3010
PTV	7.79345998177758	6.9047585	3559
PTV	14.4716853187705	10.7445852	4254
PTV	28.5588230100098	8.5541071	4941
PTV	11.8176617350155	7.5541115	4182
PTV	9.88380456411134	5.8138536	3779
PTV	8.93092965984561	4.6796532	2768
PTV	14.8408546671297	4.9696962	2625
PTV	14.7755092643464	2.7705616	4362
PTV	14.4377124144074	1.454544	2578
PTV	14.2631308464436	0.3549782	3027
PTV	8.0433842854511	1.5974014	3843
PTV	15.3361724065066	2.1168824	2785
PTV	15.5720420627749	4.3290034	6520
PTV	23.2841341963264	14.8225104	4709
PTV	4.13051570283005	4.2510793	3768
PTV	11.9833696140672	5.406923	3615
PTV	1.9846942826854	2.8874436	3715
PTV	5.87265111097349	3.2510795	3407
PTV	14.3046991351066	5.8051898	5584
PTV	8.40823365464927	6.5194772	3902
PTV	4.43343251892985	7.6580036	3988
PTV	0.907267579564406	4.4718604	2758
PTV	1.95832067417152	8.0909105	5662
PTV	2.57334576743054	6.9653649	4313
PTV	12.3332543591904	5.2986967	3406
PTV	0.462372609252062	3.7662305	2900
PTV	2.79057463608285	5.1038934	3974
PTV	2.74220469898562	1.9134195	3159
PTV	1.25661868161016	1.3982677	3471
PTV	4.69927685370265	4.0606071	2607
PTV	1.45909409835224	7.2467552	3335
PTV	22.3485965294608	5.2813864	3148
PTV	2.14216935286229	19.5887502	6375
PTV	3.55384494443825	7.3939389	4373
PTV	16.2853431258901	3.0303016	3235
PTV	0.95942652270087	2.3809516	3179
PTV	3.47918712385504	3.229434	4109
PTV	10.7510808748164	4.9696939	3301
PTV	10.7389006193795	3.1471834	2986
PTV	15.4925450229465	6.6450164	3897
PTV	5.44651091055698	5.2164502	3348
PTV	8.7967247461917	5.4415536	3767
PTV	15.1699606841179	3.5367954	4234
PTV	0.6204608865982	3.3376596	3746
PTV	7.97991360468074	1.683981	2742
PTV	6.42247001404523	3.4632014	6458
PTV	0.355319604951536	3.9523776	4228
PTV	0.375212432906566	4.5541082	3108
PTV	2.47751063469232	2.930735	4627
PTV	12.8879161623642	1.6666661	3687
PTV	12.8935088431621	1.4112542	3067
PTV	13.0237746922301	3.0692613	2963
PTV	12.4406221784618	5.9090868	3698
PTV	2.51383778327515	6.2943674	5611
PTV	6.84076509201991	7.0995608	3872
PTV	4.87578308595391	6.3290016	3206
PTV	4.52249393892189	9.9826752	4942
PTV	15.673609911143	7.424237	5118
PTV	3.8783188159211	14.9480468	4830
PTV	0.350134637127193	1.6190464	3699
PTV	3.36533021414856	1.0216442	3071
PTV	4.526242029478	6.779215	3830
PTV	1.59171450140365	2.4242415	3946
PTV	1.77359540715644	2.1688295	5113
PTV	3.17182138075112	3.2077923	5576
PTV	2.65990031532543	2.1082234	5923
PTV	1.18781905171215	4.3636323	4958
PTV	8.61738270837285	3.523806	4465
PTV	4.22279947709522	5.0302983	5164
PTV	32.0616783652547	8.6363617	3793
PTV	19.0748016994631	13.0259719	6956
PTV	26.2967676359659	8.0735885	5098
PTV	4.04217145640403	8.7748861	5009
PTV	6.00730613366439	8.8484817	5836
PTV	2.30222149413206	6.9177465	4726
PTV	19.5759977932326	9.2251033	5795
PTV	7.73480356319723	4.5238087	5435
PTV	3.69979216682777	3.8311663	4068
PTV	1.00542648135748	1.2597392	2536
PTV	3.85284016094029	2.0822502	3275
PTV	4.92580810155374	1.9523809	4175
PTV	4.92936181553939	0.7012985	2910
PTV	2.02506987091384	6.6363586	4907
PTV	0.41388431215269	4.0086542	4698
PTV	2.24111930102917	2.0086565	4556
PTV	2.96560852383962	6.2857085	5531
PTV	1.01601030330714	3.389607	4360
PTV	2.59385542994657	3.5973999	2611
PTV	5.9657669453925	8.0216389	6676
PTV	0.87210131522519	4.8181781	7276
PTV	4.07662766520314	7.6839767	6104
PTV	3.03857086556617	4.8484806	3936
PTV	4.36160527829119	6.705622	4536
PTV	13.3427667166008	4.5541139	3936
PTV	22.2307721697089	1.8787865	3647
PTV	22.5828120769155	10.7402549	4785
PTV	19.168900526039	5.0043253	3328
PTV	2.45531682970774	2.5541109	4952
PTV	0.542629771501564	1.9610379	7196
PTV	0.433825171266388	2.6320323	5501
PTV	9.10713373573064	1.3722933	2855
PTV	13.8741985214249	1.9956696	3344
PTV	5.16722730340634	2.9826823	3709
PTV	2.49595477235843	5.398266	4679
PTV	12.180747486567	7.7056245	3181
PTV	12.8180107042909	4.7229411	5472
PTV	12.6295553413609	4.4025976	2847
PTV	3.40509176742957	4.9350639	3485
PTV	24.785606444006	7.5064898	4746
PTV	10.7497786954983	3.6147163	4177
PTV	17.8907611843284	10.1947967	6331
PTV	51.5048477745047	7.2251037	4027
PTV	51.5051280635542	5.5021606	2545
PTV	51.5017592050452	4.6623347	2523
PTV	51.4993034107818	9.8225076	4221
PTV	37.747410803982	1.7316001	4209
PTV	3.30014832409004	2.0259737	3373
PTV	1.32152258636714	3.1601725	4112
PTV	15.2200531975539	3.1645016	3028
PTV	46.8078967206776	5.6926365	5976
PTV	36.5926158559882	11.9740206	7136
PTV	27.9849061908588	7.5021606	5912
PTV	14.6255520926763	6.6320318	5161
PTV	6.50130646081833	1.9437216	4166
PTV	2.42044326503694	3.7315985	4974
PTV	7.76132436013986	9.8614701	5536
PTV	16.7415500294659	5.2986993	5056
PTV	10.3072449723228	5.0303035	2570
PTV	9.39845607606826	12.9523728	7048
PTV	4.04000753034697	5.3549765	3210
PTV	31.3510387646242	3.5670989	2816
PTV	7.39458960190134	8.1644981	5451
PTV	11.2796893885553	3.818179	3515
PTV	11.0277537029833	15.9090806	5346
PTV	21.1090430538363	2.6190452	3035
PTV	0.991215523064315	3.7619021	2973
PTV	12.8028128622143	15.5281395	4978
PTV	17.6930153182158	9.0303033	3536
PTV	23.8394880186417	11.0043243	3042
PTV	7.50772539835484	1.6450202	2714
PTV	12.5785961119032	4.7619014	3875
PTV	10.6723377957288	9.2900379	5006
PTV	20.5116426573308	6.6190468	6478
PTV	23.2345877558602	8.2640649	5307
PTV	26.7690928172602	7.303028	3977
PAB	8.31625322613519	9.6320284	2679
PAB	20.7029438824605	11.0173106	3712
PAB	22.2636919203973	14.9004256	3240
PAB	31.0651642668519	14.7272619	3877
PAB	13.9241646009537	16.7662234	3746
PAB	20.4048040815526	20.6796427	3388
PAB	9.49017590816444	15.1601626	3955
PAB	1.69940219175106	6.1688283	2656
PAB	0.909751447626061	9.896103	3434
PAB	0.474248639750834	3.3593054	2899
PAB	5.72507988824004	13.4631924	3488
PAB	8.10458279977986	9.2294308	3616
PAB	1.97430247277975	7.3593069	2542
PAB	10.4420303800325	8.7618997	3500
PAB	1.4781860931463	7.3679599	2648
PAB	9.38124995091689	19.8051887	5777
PAB	6.53470824432871	13.7489123	4634
PAB	9.06817304870849	11.1904687	2625
PAB	4.5238322542773	8.1558402	2936
PAB	6.0968863983171	13.4069165	2968
PAB	5.25470076523462	9.9134154	2642
PAB	3.24986219795526	14.1212159	3376
PAB	5.72903984533235	11.5627658	3210
PAB	11.2404939823136	12.4545395	5688
PAB	3.28664080618974	10.5454493	3190
PAB	13.7974156911203	10.6839808	3003
PAB	2.15366437591463	13.3160127	3942
PAB	1.23012646658312	15.3895999	3533
PAB	1.37702498881126	10.5021621	2813
PAB	4.2347464033642	9.7272693	3015
PAB	1.1131941247335	15.6926333	3370
PAB	1.23463117538312	6.991342	2533
PAB	0.950907786051427	9.9956635	3755
PAB	13.7125756376403	17.7229365	5209
PAB	5.18722574312293	11.4978281	2924
PAB	6.77837975047127	20.1125414	4377
PAB	8.4878860914378	12.0302956	2589
PAB	19.3934859262971	22.2250938	3768
PAB	3.8582393502604	16.0519377	3443
PAB	6.42972836605707	17.8398169	4088
PAB	17.3195802333128	7.9913351	2778
PAB	10.5986134658855	13.9090875	4056
PAB	12.4278699758543	10.5064869	3214
PAB	2.73686588824815	13.5368027	3339
PAB	1.71936566727924	18.1168676	6558
PAB	3.06945772112922	13.0779198	3983
PAB	11.1821549696901	17.9090885	5615
PAB	2.33007774820713	11.4458798	3847
PAB	4.14204813495558	6.0562761	2721
PAB	10.9859282950898	10.341987	2757
PAB	2.9393156604368	17.1947976	3632
PAB	4.66533731533358	21.3376544	5615
PAB	0.726339370577876	10.0735882	4492
PAB	1.55953906339465	11.5627699	2599
PAB	2.25138962816593	18.1601617	3262
PAB	3.57366433221137	13.2770454	3514
PAB	1.55567377784582	14.207782	4328
PAB	0.881429496094802	9.6623336	3422
PAB	10.9496423132749	10.7445847	3560
PAB	2.12417631156892	11.3073576	4423
PAB	1.15428394339357	8.4112534	2931
PAB	1.2311546315901	12.9090795	3851
PAB	4.7778231103319	16.1168763	3726
PAB	6.8625733994414	20.2294249	4515
PAB	7.28865086712187	21.8960965	4563
PAB	1.55389177618975	25.9480527	5717
PAB	1.55929737158915	12.5194762	4174
PAB	3.04874548997655	14.3463181	4844
PAB	1.14034215469116	13.8744512	6931
PAB	2.27248632970296	8.6363594	3360
PAB	2.18929107268743	31.1818046	7463
PAB	3.99466663545876	13.5151486	3938
PAB	2.45655403213181	24.848473	5649
PAB	2.85609042133919	17.8095147	5190
PAB	2.55701180118393	16.0173091	4892
PAB	1.52995001516755	7.9999957	3441
PAB	1.49749573194271	11.0216428	2805
PAB	0.87163137522657	7.6233724	3752
PAB	1.04016578641622	12.0043257	4072
PAB	0.783515402708939	7.0822449	3472
PAB	0.415900010089139	6.4848451	4478
PAB	0.896262733470032	13.8528033	4554
PAB	0.878742130513569	8.5281323	5202
PAB	5.54570412312392	11.9393891	5417
PAB	1.67432398097655	16.3030275	5205
PAB	0.879911126949535	7.3982726	2623
PAB	2.2296044729258	18.3766143	5944
PAB	5.45788908079751	20.3636235	7718
PAB	0.579503173007118	11.61904	4677
PAB	9.58775444318903	22.7445709	5206
PAB	1.07860064192053	8.7186106	5147
PAB	0.374982879087263	5.5238063	2899
PAB	0.349974416183285	8.3030263	3455
PAB	0.308124378304291	4.7402576	3640
PAB	2.48203882131194	19.3376484	5442
PAB	1.37614560766828	11.0043249	5191
PAB	11.7210842248791	13.1947987	4653
PAB	0.156746787094921	9.4025913	5776
PAB	0.184440176331176	6.2857116	5412
PAB	1.67745965363859	17.6883033	5595
PAB	6.61948322519003	12.6709877	2886
PAB	3.10761571392578	13.831159	4168
PAB	1.67489372188756	9.1515087	4650
PAB	1.08319581970634	12.5064855	3567
PAB	12.4895759586027	13.8744515	2990
PAB	16.3948471077112	13.8571346	4344
PAB	13.8736532285105	11.4935006	2748
PAB	11.3888332886535	15.268389	2546
PAB	18.6034577211321	13.1601686	3460
PAB	5.05279136557955	29.4025811	4534
PAB	6.54339114506517	14.5627637	3867
PAB	14.3600331602184	21.2294242	4162
PAB	11.887562181585	14.8225062	3391
PAB	9.28470199110585	10.0432828	2738
PAB	39.6792050320801	20.8787761	3272
PAB	16.502348919517	18.7575669	3849
PAB	11.9691137558177	22.4718423	5194
PAB	41.649612891398	13.6190402	3220
PAB	41.1990063450726	17.0432801	3990
PAB	12.370535533499	13.597394	2551
PAB	4.35826328059251	9.6406888	2695
PAB	19.3706959318976	28.3982513	6445
PAB	34.7823969000208	10.6190417	3280
PAB	34.7814888571239	15.3246667	3597
PAB	34.783739567351	23.3289935	3530
PAB	34.7340903476927	15.3722845	2635
PAB	22.5037938405555	10.8398207	3255
PAB	30.5034645623311	19.367956	3735
PAB	18.6166146471664	17.1125462	3902
PAB	39.192513766151	13.4372187	2944
PAB	39.7264932371241	18.662332	4129
PAB	11.7897370474508	30.9220759	5751
PAB	36.5153911460789	10.6536726	2937
PAB	17.1128724572119	23.1904661	4469
PAB	23.2702602451493	22.6233691	3699
PAB	14.5215005336939	13.7532449	3306
PAB	19.5626547045744	16.8268279	3654
PAB	12.0146913885403	18.9047532	3162
PAB	34.5979377613475	18.5238014	4028
PAB	13.7314700213253	15.4025912	3696
PAB	5.48024821769066	15.8138417	2704
PAB	6.61857970204927	24.3722874	4873
PAB	18.6233852405997	16.2813749	3759
PAB	17.5280548235511	10.9653613	3062
PAB	11.4615034918336	17.6017222	3420
PAB	16.5959515062923	19.6969538	4624
PAB	15.5890677580873	33.9523592	6329
PAB	7.98734116949504	13.4848431	3419
PAB	32.2678749604551	16.7575656	3348
PPY	37.4425049228455	8.4804615	3746
PPY	19.9071786872063	5.3655203	2821
PPY	22.7114714283715	14.9287394	3909
PPY	14.488618739665	9.9356333	3789
PPY	10.174258380627	10.0988495	2775
PPY	4.50123979018496	5.7701171	3313
PPY	21.9088566892826	1.2000007	2545
PPY	23.8683880520483	4.7310347	3451
PPY	2.00284482328775	5.9724133	2734
PPY	6.10157749507846	6.8321847	2538
PPY	6.74463080132269	17.8666649	5412
PPY	7.24177432791072	16.9908078	4474
PPY	16.7017710829714	7.6827584	2581
PPY	7.2216312910471	6.9494258	3031
PPY	9.30685438830531	11.5471244	2896
PPY	1.74256112788548	10.2505788	3288
PPY	3.84907133491922	3.4229875	2912
PPY	7.8948583988649	8.9379321	3887
PPY	14.306619894777	6.5149445	2825
PPY	14.1385609466628	3.9931048	2687
PPY	3.78355825079569	11.4896548	3410
PPY	8.28865890072873	8.6551755	3487
PPY	8.62928724262034	2.3655182	2950
PPY	4.09515552458491	11.5793099	2974
PPY	4.44705666628817	7.8252896	3249
PPY	2.49820725457975	8.7609197	3840
PPY	10.3661903676444	16.3701186	5041
PPY	4.4145993465993	14.5195384	2894
PPY	4.88518816877302	11.0551754	4330
PPY	3.40984047290096	7.1218404	2512
PPY	7.87680057521545	15.6229896	3689
PPY	14.8048187696876	11.5609217	3227
PPY	3.91451291808131	11.937935	4108
PPY	2.22912581865121	10.0091994	2536
PPY	1.48666734154582	9.2321857	4000
PPY	10.7582692754677	8.6160943	3114
PPY	1.1488387792221	3.6367803	3267
PPY	4.96037569512913	12.0735663	6878
PPY	6.55293746878525	7.9999992	3980
PPY	6.56092008677816	13.7494242	5496
PPY	1.39937482901852	4.1379334	3595
PPY	1.14462690292473	6.4252878	2760
PPY	0.561626556648592	7.8850561	2784
PPY	1.05641724778517	14.2436831	3647
PPY	5.3451729361374	23.8896617	5146
PPY	1.95336323269057	14.4160947	3700
PPY	7.40768751231006	10.2068991	2607
PPY	1.63368319336174	14.2252885	3198
PPY	27.5914446985615	13.1471318	4301
PPY	4.51681372874324	8.7425361	3553
PPY	2.35242899369123	15.2000065	3441
PPY	7.64601601034607	7.8137965	4334
PPY	1.55508024409814	8.2781612	2880
PPY	0.560659018793235	8.5402296	3734
PPY	1.75822460627733	9.2988565	3551
PPY	4.04404704062197	5.2091919	4267
PPY	3.41930927807066	13.3885069	4674
PPY	0.24590314435744	9.2344817	5649
PPY	3.36811308113344	12.7816148	3878
PPY	2.88818002225231	11.2114978	4548
PPY	22.8589603803972	10.9954118	7020
PPY	8.98583665435274	2.5379312	3366
PPY	2.18768596146456	8.2390863	7243
PPY	2.21730867126542	2.6000014	3490
PPY	5.02392814339896	13.8137917	5266
PPY	0.244815849483969	3.4942545	4527
PPY	0.754583045075459	12.6528772	4890
PPY	1.26273148745021	3.9724131	2976
PPY	0.0411240647489881	9.3632192	2731
PPY	1.74239197625515	10.7701187	3692
PPY	1.39733585547337	5.2850579	4070
PPY	0.948262036493847	5.6942529	3235
PPY	0.200921767688217	7.9034515	4499
PPY	0.902171568289547	12.3218388	4504
PPY	0.665439334415572	11.5287279	5075
PPY	0.407605544486429	5.4137893	5295
PPY	1.80556873997818	5.3241359	5157
PPY	1.73624198029934	8.4137951	5883
PPY	0.694104766739588	28.7724231	7686
PPY	0.462779082317343	17.0942594	4548
PPY	0.462779082317343	18.2252841	5162
PPY	0.462779082317343	7.6160964	5148
PPY	0.462779082317343	4.7172427	2839
PPY	0.462779082317343	11.2551738	3398
PPY	0.462779082317343	5.5333329	3652
PPY	0.462779082317343	9.0850581	5136
PPY	0.462779082317343	6.4574658	5126
PPY	0.462779082317343	7.7747137	4607
PPY	0.462779082317343	12.0781521	5832
PPY	0.462779082317343	12.3356271	5321
PPY	0.462779082317343	14.6574749	5520
PPY	16.2320366102831	6.5931028	2752
PPY	9.71170827095196	8.9034481	3233
PPY	5.22809238197395	7.5632132	3234
PPY	20.7480577911669	9.6620686	2582
PPY	24.0205267119179	4.0045971	3279
PPY	30.2593874770297	15.0160963	4120
PPY	11.2645266882224	12.7448304	3341
PPY	10.9681124081771	14.1678187	6430
PPY	23.3522810944341	7.5862073	2590
PPY	23.3512114883144	4.6896565	3534
PPY	19.1939517997276	8.5770095	3700
PPY	12.403684236705	4.6229882	2917
PPY	30.3623890725493	19.1586192	5606
PPY	3.47381098888747	12.7908007	3313
PPY	63.2947832291456	18.1011566	3951
PPY	25.287450847359	10.2321848	2609
PPY	11.9302038752187	14.2988583	5773
PPY	39.7899294248036	5.9310358	2800
PPY	30.6880975020267	7.3264371	2884
PPY	26.6198473164082	7.7563242	3117
PPY	22.4324934259543	16.1448326	3650
PPY	27.2791554931816	16.8712666	3873
PPY	24.5203531892163	10.7356355	2651
PPY	21.4594360385836	14.7241369	3882
PPY	38.8125231876015	19.7379334	5455
PPY	38.9416175542339	15.9425307	4014
PPY	38.9370711941764	13.1034512	3434
PPY	22.4305117940272	12.273561	3291
PPY	27.7067437413184	13.9632196	3907
PPY	19.9682577958461	8.5494219	3047
PPY	10.1177526581586	8.8436821	4187
PPY	11.437843257241	5.0390799	3532
PPY	6.31342943405123	10.0758638	2837
PPY	12.364208297113	14.1264458	4697
PPY	17.4162037874756	11.5057508	3036
PPY	17.4258135044246	8.7425275	3196
PPY	13.5861113353488	12.5287338	3089
PPY	26.4573741901647	15.377012	4727
PPY	64.6962015679362	21.2436868	5582
PPY	22.143310831478	5.1977019	3404
PPY	1.54047586499038	3.8459777	2701
